# Blender v2.79 (sub 0) OBJ File: 'newdrone.blend'
# www.blender.org
mtllib newdrone.mtl
o Cube.005_Cube.006
v -0.778902 0.070000 0.753198
v -0.778902 0.110000 0.753198
v -1.154779 0.070000 0.616390
v -1.154779 0.110000 0.616390
v -0.765221 0.070000 0.715610
v -0.765221 0.110000 0.715610
v -1.141098 0.070000 0.578802
v -1.141098 0.110000 0.578802
vn -0.3420 0.0000 0.9397
vn -0.9397 0.0000 -0.3420
vn 0.3420 0.0000 -0.9397
vn 0.9397 0.0000 0.3420
vn 0.0000 -1.0000 -0.0000
vn 0.0000 1.0000 -0.0000
usemtl None
s off
f 1//1 2//1 4//1 3//1
f 3//2 4//2 8//2 7//2
f 7//3 8//3 6//3 5//3
f 5//4 6//4 2//4 1//4
f 3//5 7//5 5//5 1//5
f 8//6 4//6 2//6 6//6
o Cube.001_Cube.002
v 0.954389 -0.085000 -0.761050
v 0.954389 0.075000 -0.761050
v 1.076956 -0.085000 -0.658204
v 1.076956 0.075000 -0.658204
v 0.183044 -0.085000 0.158204
v 0.183044 0.075000 0.158204
v 0.305611 -0.085000 0.261050
v 0.305611 0.075000 0.261050
vn 0.6428 0.0000 -0.7660
vn 0.7660 0.0000 0.6428
vn -0.6428 0.0000 0.7660
vn -0.7660 0.0000 -0.6428
vn 0.0000 -1.0000 0.0000
vn 0.0000 1.0000 0.0000
usemtl None
s off
f 9//7 10//7 12//7 11//7
f 11//8 12//8 16//8 15//8
f 15//9 16//9 14//9 13//9
f 13//10 14//10 10//10 9//10
f 11//11 15//11 13//11 9//11
f 16//12 12//12 10//12 14//12
o Cube_Cube.001
v -0.700000 -0.100000 0.300000
v -0.700000 0.100000 0.300000
v -0.700000 -0.100000 -0.300000
v -0.700000 0.100000 -0.300000
v 0.700000 -0.100000 0.300000
v 0.700000 0.100000 0.300000
v 0.700000 -0.100000 -0.300000
v 0.700000 0.100000 -0.300000
vn -1.0000 0.0000 0.0000
vn 0.0000 0.0000 -1.0000
vn 1.0000 0.0000 0.0000
vn 0.0000 0.0000 1.0000
vn 0.0000 -1.0000 0.0000
vn 0.0000 1.0000 0.0000
usemtl None
s off
f 17//13 18//13 20//13 19//13
f 19//14 20//14 24//14 23//14
f 23//15 24//15 22//15 21//15
f 21//16 22//16 18//16 17//16
f 19//17 23//17 21//17 17//17
f 24//18 20//18 18//18 22//18
o Cube.002_Cube.003
v 1.076956 -0.075000 0.658204
v 1.076956 0.085000 0.658204
v 0.954389 -0.075000 0.761050
v 0.954389 0.085000 0.761050
v 0.305611 -0.075000 -0.261050
v 0.305611 0.085000 -0.261050
v 0.183044 -0.075000 -0.158204
v 0.183044 0.085000 -0.158204
vn 0.6428 0.0000 0.7660
vn -0.7660 0.0000 0.6428
vn -0.6428 0.0000 -0.7660
vn 0.7660 0.0000 -0.6428
vn 0.0000 -1.0000 0.0000
vn 0.0000 1.0000 0.0000
usemtl None
s off
f 25//19 26//19 28//19 27//19
f 27//20 28//20 32//20 31//20
f 31//21 32//21 30//21 29//21
f 29//22 30//22 26//22 25//22
f 27//23 31//23 29//23 25//23
f 32//24 28//24 26//24 30//24
o Cube.003_Cube.004
v -0.183757 -0.085000 0.158983
v -0.183757 0.075000 0.158983
v -0.306503 -0.085000 0.261615
v -0.306503 0.075000 0.261615
v -0.953497 -0.085000 -0.761615
v -0.953497 0.075000 -0.761615
v -1.076243 -0.085000 -0.658983
v -1.076243 0.075000 -0.658983
vn 0.6414 0.0000 0.7672
vn -0.7672 0.0000 0.6414
vn -0.6414 0.0000 -0.7672
vn 0.7672 0.0000 -0.6414
vn 0.0000 -1.0000 -0.0000
vn 0.0000 1.0000 -0.0000
usemtl None
s off
f 33//25 34//25 36//25 35//25
f 35//26 36//26 40//26 39//26
f 39//27 40//27 38//27 37//27
f 37//28 38//28 34//28 33//28
f 35//29 39//29 37//29 33//29
f 40//30 36//30 34//30 38//30
o Cube.004_Cube.005
v -0.307397 -0.085000 -0.262179
v -0.307397 0.075000 -0.262179
v -0.184471 -0.085000 -0.159761
v -0.184471 0.075000 -0.159761
v -1.075529 -0.085000 0.659761
v -1.075529 0.075000 0.659761
v -0.952603 -0.085000 0.762179
v -0.952603 0.075000 0.762179
vn 0.6401 0.0000 -0.7683
vn 0.7683 0.0000 0.6401
vn -0.6401 0.0000 0.7683
vn -0.7683 0.0000 -0.6401
vn 0.0000 -1.0000 0.0000
vn 0.0000 1.0000 -0.0000
usemtl None
s off
f 41//31 42//31 44//31 43//31
f 43//32 44//32 48//32 47//32
f 47//33 48//33 46//33 45//33
f 45//34 46//34 42//34 41//34
f 43//35 47//35 45//35 41//35
f 48//36 44//36 42//36 46//36
o Cube.006_Cube.007
v -0.793738 0.070000 0.553053
v -0.793738 0.110000 0.553053
v -1.100604 0.070000 0.809633
v -1.100604 0.110000 0.809633
v -0.819396 0.070000 0.522367
v -0.819396 0.110000 0.522367
v -1.126262 0.070000 0.778947
v -1.126262 0.110000 0.778947
vn 0.6414 0.0000 0.7672
vn -0.7672 0.0000 0.6414
vn -0.6414 0.0000 -0.7672
vn 0.7672 0.0000 -0.6415
vn 0.0000 -1.0000 -0.0000
vn 0.0000 1.0000 0.0000
usemtl None
s off
f 49//37 50//37 52//37 51//37
f 51//38 52//38 56//38 55//38
f 55//39 56//39 54//39 53//39
f 53//40 54//40 50//40 49//40
f 51//41 55//41 53//41 49//41
f 56//42 52//42 50//42 54//42
o Cube.007_Cube.008
v -0.980000 0.070000 0.866000
v -0.980000 0.110000 0.866000
v -0.980000 0.070000 0.466000
v -0.980000 0.110000 0.466000
v -0.940000 0.070000 0.866000
v -0.940000 0.110000 0.866000
v -0.940000 0.070000 0.466000
v -0.940000 0.110000 0.466000
vn -1.0000 0.0000 0.0000
vn 0.0000 0.0000 -1.0000
vn 1.0000 0.0000 0.0000
vn 0.0000 0.0000 1.0000
vn 0.0000 -1.0000 0.0000
vn 0.0000 1.0000 0.0000
usemtl None
s off
f 57//43 58//43 60//43 59//43
f 59//44 60//44 64//44 63//44
f 63//45 64//45 62//45 61//45
f 61//46 62//46 58//46 57//46
f 59//47 63//47 61//47 57//47
f 64//48 60//48 58//48 62//48
o Cube.010_Cube.012
v -0.778902 0.070000 -0.578802
v -0.778902 0.110000 -0.578802
v -1.154779 0.070000 -0.715610
v -1.154779 0.110000 -0.715610
v -0.765221 0.070000 -0.616390
v -0.765221 0.110000 -0.616390
v -1.141098 0.070000 -0.753198
v -1.141098 0.110000 -0.753198
vn -0.3420 0.0000 0.9397
vn -0.9397 0.0000 -0.3420
vn 0.3420 0.0000 -0.9397
vn 0.9397 0.0000 0.3420
vn 0.0000 -1.0000 -0.0000
vn 0.0000 1.0000 -0.0000
usemtl None
s off
f 65//49 66//49 68//49 67//49
f 67//50 68//50 72//50 71//50
f 71//51 72//51 70//51 69//51
f 69//52 70//52 66//52 65//52
f 67//53 71//53 69//53 65//53
f 72//54 68//54 66//54 70//54
o Cube.009_Cube.011
v -0.793738 0.070000 -0.778947
v -0.793738 0.110000 -0.778947
v -1.100604 0.070000 -0.522367
v -1.100604 0.110000 -0.522367
v -0.819396 0.070000 -0.809633
v -0.819396 0.110000 -0.809633
v -1.126262 0.070000 -0.553053
v -1.126262 0.110000 -0.553053
vn 0.6414 0.0000 0.7672
vn -0.7672 0.0000 0.6414
vn -0.6414 0.0000 -0.7672
vn 0.7672 0.0000 -0.6415
vn 0.0000 -1.0000 -0.0000
vn 0.0000 1.0000 0.0000
usemtl None
s off
f 73//55 74//55 76//55 75//55
f 75//56 76//56 80//56 79//56
f 79//57 80//57 78//57 77//57
f 77//58 78//58 74//58 73//58
f 75//59 79//59 77//59 73//59
f 80//60 76//60 74//60 78//60
o Cube.008_Cube.010
v -0.980000 0.070000 -0.466000
v -0.980000 0.110000 -0.466000
v -0.980000 0.070000 -0.866000
v -0.980000 0.110000 -0.866000
v -0.940000 0.070000 -0.466000
v -0.940000 0.110000 -0.466000
v -0.940000 0.070000 -0.866000
v -0.940000 0.110000 -0.866000
vn -1.0000 0.0000 0.0000
vn 0.0000 0.0000 -1.0000
vn 1.0000 0.0000 0.0000
vn 0.0000 0.0000 1.0000
vn 0.0000 -1.0000 0.0000
vn 0.0000 1.0000 0.0000
usemtl None
s off
f 81//61 82//61 84//61 83//61
f 83//62 84//62 88//62 87//62
f 87//63 88//63 86//63 85//63
f 85//64 86//64 82//64 81//64
f 83//65 87//65 85//65 81//65
f 88//66 84//66 82//66 86//66
o Cube.013_Cube.015
v 0.940000 0.070000 -0.466000
v 0.940000 0.110000 -0.466000
v 0.940000 0.070000 -0.866000
v 0.940000 0.110000 -0.866000
v 0.980000 0.070000 -0.466000
v 0.980000 0.110000 -0.466000
v 0.980000 0.070000 -0.866000
v 0.980000 0.110000 -0.866000
vn -1.0000 0.0000 0.0000
vn 0.0000 0.0000 -1.0000
vn 1.0000 0.0000 0.0000
vn 0.0000 0.0000 1.0000
vn 0.0000 -1.0000 0.0000
vn 0.0000 1.0000 0.0000
usemtl None
s off
f 89//67 90//67 92//67 91//67
f 91//68 92//68 96//68 95//68
f 95//69 96//69 94//69 93//69
f 93//70 94//70 90//70 89//70
f 91//71 95//71 93//71 89//71
f 96//72 92//72 90//72 94//72
o Cube.012_Cube.014
v 1.126262 0.070000 -0.778947
v 1.126262 0.110000 -0.778947
v 0.819396 0.070000 -0.522367
v 0.819396 0.110000 -0.522367
v 1.100604 0.070000 -0.809633
v 1.100604 0.110000 -0.809633
v 0.793738 0.070000 -0.553053
v 0.793738 0.110000 -0.553053
vn 0.6414 0.0000 0.7672
vn -0.7672 0.0000 0.6415
vn -0.6414 0.0000 -0.7672
vn 0.7672 0.0000 -0.6414
vn 0.0000 -1.0000 0.0000
vn 0.0000 1.0000 0.0000
usemtl None
s off
f 97//73 98//73 100//73 99//73
f 99//74 100//74 104//74 103//74
f 103//75 104//75 102//75 101//75
f 101//76 102//76 98//76 97//76
f 99//77 103//77 101//77 97//77
f 104//78 100//78 98//78 102//78
o Cube.011_Cube.013
v 1.141098 0.070000 -0.578802
v 1.141098 0.110000 -0.578802
v 0.765221 0.070000 -0.715610
v 0.765221 0.110000 -0.715610
v 1.154779 0.070000 -0.616390
v 1.154779 0.110000 -0.616390
v 0.778902 0.070000 -0.753198
v 0.778902 0.110000 -0.753198
vn -0.3420 0.0000 0.9397
vn -0.9397 0.0000 -0.3420
vn 0.3420 0.0000 -0.9397
vn 0.9397 0.0000 0.3420
vn 0.0000 -1.0000 0.0000
vn 0.0000 1.0000 0.0000
usemtl None
s off
f 105//79 106//79 108//79 107//79
f 107//80 108//80 112//80 111//80
f 111//81 112//81 110//81 109//81
f 109//82 110//82 106//82 105//82
f 107//83 111//83 109//83 105//83
f 112//84 108//84 106//84 110//84
o Cube.016_Cube.018
v 1.141098 0.070000 0.753198
v 1.141098 0.110000 0.753198
v 0.765221 0.070000 0.616390
v 0.765221 0.110000 0.616390
v 1.154779 0.070000 0.715610
v 1.154779 0.110000 0.715610
v 0.778902 0.070000 0.578802
v 0.778902 0.110000 0.578802
vn -0.3420 0.0000 0.9397
vn -0.9397 0.0000 -0.3420
vn 0.3420 0.0000 -0.9397
vn 0.9397 0.0000 0.3420
vn 0.0000 -1.0000 0.0000
vn 0.0000 1.0000 0.0000
usemtl None
s off
f 113//85 114//85 116//85 115//85
f 115//86 116//86 120//86 119//86
f 119//87 120//87 118//87 117//87
f 117//88 118//88 114//88 113//88
f 115//89 119//89 117//89 113//89
f 120//90 116//90 114//90 118//90
o Cube.015_Cube.017
v 1.126262 0.070000 0.553053
v 1.126262 0.110000 0.553053
v 0.819396 0.070000 0.809633
v 0.819396 0.110000 0.809633
v 1.100604 0.070000 0.522367
v 1.100604 0.110000 0.522367
v 0.793738 0.070000 0.778947
v 0.793738 0.110000 0.778947
vn 0.6414 0.0000 0.7672
vn -0.7672 0.0000 0.6415
vn -0.6414 0.0000 -0.7672
vn 0.7672 0.0000 -0.6414
vn 0.0000 -1.0000 0.0000
vn 0.0000 1.0000 0.0000
usemtl None
s off
f 121//91 122//91 124//91 123//91
f 123//92 124//92 128//92 127//92
f 127//93 128//93 126//93 125//93
f 125//94 126//94 122//94 121//94
f 123//95 127//95 125//95 121//95
f 128//96 124//96 122//96 126//96
o Cube.014_Cube.016
v 0.940000 0.070000 0.866000
v 0.940000 0.110000 0.866000
v 0.940000 0.070000 0.466000
v 0.940000 0.110000 0.466000
v 0.980000 0.070000 0.866000
v 0.980000 0.110000 0.866000
v 0.980000 0.070000 0.466000
v 0.980000 0.110000 0.466000
vn -1.0000 0.0000 0.0000
vn 0.0000 0.0000 -1.0000
vn 1.0000 0.0000 0.0000
vn 0.0000 0.0000 1.0000
vn 0.0000 -1.0000 0.0000
vn 0.0000 1.0000 0.0000
usemtl None
s off
f 129//97 130//97 132//97 131//97
f 131//98 132//98 136//98 135//98
f 135//99 136//99 134//99 133//99
f 133//100 134//100 130//100 129//100
f 131//101 135//101 133//101 129//101
f 136//102 132//102 130//102 134//102
